(title "Velocity Magnitude vs. Curve Length")
(labels "Curve Length" "Velocity Magnitude")

((xy/key/label "line-16")
0	0
0.000499997	0.00124349
0.000999998	0.00247786
0.0015	0.00370182
0.002	0.00491536
0.0025	0.00611849
0.003	0.0073112
0.0035	0.00849349
0.004	0.00966536
0.0045	0.0108268
0.005	0.0119779
0.0055	0.0131185
0.006	0.0142487
0.0065	0.0153685
0.007	0.0164779
0.0075	0.0175768
0.008	0.0186654
0.0085	0.0197435
0.009	0.0208112
0.0095	0.0218685
0.01	0.0229154
0.0105	0.0239518
0.011	0.0249779
0.0115	0.0259935
0.012	0.0269987
0.0125	0.0279935
0.013	0.0289779
0.0135	0.0299518
0.014	0.0309154
0.0145	0.0318685
0.015	0.0328112
0.0155	0.0337435
0.016	0.0346654
0.0165	0.0355768
0.017	0.0364779
0.0175	0.0373685
0.018	0.0382487
0.0185	0.0391185
0.019	0.0399779
0.0195	0.0408268
0.02	0.0416654
0.0205	0.0424935
0.021	0.0433112
0.0215	0.0441185
0.022	0.0449154
0.0225	0.0457018
0.023	0.0464779
0.0235	0.0472435
0.024	0.0479987
0.0245	0.0487435
0.025	0.0494779
0.0255	0.0502018
0.026	0.0509154
0.0265	0.0516185
0.027	0.0523112
0.0275	0.0529935
0.028	0.0536654
0.0285	0.0543268
0.029	0.0549779
0.0295	0.0556185
0.03	0.0562487
0.0305	0.0568685
0.031	0.0574779
0.0315	0.0580768
0.032	0.0586654
0.0325	0.0592435
0.033	0.0598112
0.0335	0.0603685
0.034	0.0609154
0.0345	0.0614518
0.035	0.0619779
0.0355	0.0624935
0.036	0.0629987
0.0365	0.0634935
0.037	0.0639779
0.0375	0.0644518
0.038	0.0649154
0.0385	0.0653685
0.039	0.0658112
0.0395	0.0662435
0.04	0.0666654
0.0405	0.0670768
0.041	0.0674779
0.0415	0.0678685
0.042	0.0682487
0.0425	0.0686185
0.043	0.0689779
0.0435	0.0693268
0.044	0.0696654
0.0445	0.0699935
0.045	0.0703112
0.0455	0.0706185
0.046	0.0709154
0.0465	0.0712018
0.047	0.0714779
0.0475	0.0717435
0.048	0.0719987
0.0485	0.0722435
0.049	0.0724779
0.0495	0.0727018
0.05	0.0729154
0.0505	0.0731185
0.051	0.0733112
0.0515	0.0734935
0.052	0.0736654
0.0525	0.0738268
0.053	0.0739779
0.0535	0.0741185
0.054	0.0742487
0.0545	0.0743685
0.055	0.0744779
0.0555	0.0745768
0.056	0.0746654
0.0565	0.0747435
0.057	0.0748112
0.0575	0.0748685
0.058	0.0749154
0.0585	0.0749518
0.059	0.0749779
0.0595	0.0749935
0.06	0.0749987
0.0605	0.0749935
0.061	0.0749779
0.0615	0.0749518
0.062	0.0749154
0.0625	0.0748685
0.063	0.0748112
0.0635	0.0747435
0.064	0.0746654
0.0645	0.0745768
0.065	0.0744779
0.0655	0.0743685
0.066	0.0742487
0.0665	0.0741185
0.067	0.0739779
0.0675	0.0738268
0.068	0.0736654
0.0685	0.0734935
0.069	0.0733112
0.0695	0.0731185
0.07	0.0729154
0.0705	0.0727018
0.071	0.0724779
0.0715	0.0722435
0.072	0.0719987
0.0725	0.0717435
0.073	0.0714779
0.0735	0.0712018
0.074	0.0709154
0.0745	0.0706185
0.075	0.0703112
0.0755	0.0699935
0.076	0.0696654
0.0765	0.0693268
0.077	0.0689779
0.0775	0.0686185
0.078	0.0682487
0.0785	0.0678685
0.079	0.0674779
0.0795	0.0670768
0.08	0.0666654
0.0805	0.0662435
0.081	0.0658112
0.0815	0.0653685
0.082	0.0649154
0.0825	0.0644518
0.083	0.0639779
0.0835	0.0634935
0.084	0.0629987
0.0845	0.0624935
0.085	0.0619779
0.0855	0.0614518
0.086	0.0609154
0.0865	0.0603685
0.087	0.0598112
0.0875001	0.0592435
0.0880001	0.0586654
0.0885001	0.0580768
0.0890001	0.0574779
0.0895001	0.0568685
0.0900001	0.0562487
0.0905001	0.0556185
0.0910001	0.0549779
0.0915001	0.0543268
0.0920001	0.0536654
0.0925001	0.0529935
0.0930001	0.0523112
0.0935001	0.0516185
0.0940001	0.0509154
0.0945001	0.0502018
0.0950001	0.0494779
0.0955001	0.0487435
0.0960001	0.0479987
0.0965001	0.0472435
0.0970001	0.0464779
0.0975001	0.0457018
0.0980001	0.0449154
0.0985001	0.0441185
0.0990001	0.0433112
0.0995001	0.0424935
0.1	0.0416654
0.1005	0.0408268
0.101	0.0399779
0.1015	0.0391185
0.102	0.0382487
0.1025	0.0373685
0.103	0.0364779
0.1035	0.0355768
0.104	0.0346654
0.1045	0.0337435
0.105	0.0328112
0.1055	0.0318685
0.106	0.0309154
0.1065	0.0299518
0.107	0.0289779
0.1075	0.0279935
0.108	0.0269987
0.1085	0.0259935
0.109	0.0249779
0.1095	0.0239518
0.11	0.0229154
0.1105	0.0218685
0.111	0.0208112
0.1115	0.0197435
0.112	0.0186654
0.1125	0.0175768
0.113	0.0164779
0.1135	0.0153685
0.114	0.0142487
0.1145	0.0131185
0.115	0.0119779
0.1155	0.0108268
0.116	0.00966536
0.1165	0.00849349
0.117	0.0073112
0.1175	0.00611849
0.118	0.00491536
0.1185	0.00370182
0.119	0.00247786
0.1195	0.00124349
0.12	0
)
